# name: debug
# type: sparse matrix
# nnz: 630
# rows: 30
# columns: 30

1 1 10395618.597642748
2 1 -127.962884467
3 1 8589.085941206
4 1 17530.799616222
5 1 -1076816.117396696
6 1 -55007.554696368
7 1 673.439119661
8 1 -108665.844275819
9 1 -3512.757028694
10 1 -1015875.300993799
11 1 -9921.383552177
12 1 232.744360567
13 1 34.195455595
14 1 5478.691762088
15 1 77.620459394
16 1 -10340460.725044971
17 1 -206618.493057674
18 1 85.143415349
19 1 -17530.799616222
20 1 1076816.117396696
21 1 55007.554696368
22 1 1046.009558670
23 1 3050.008695203
24 1 -1882.471328910
1 2 -127.962884467
2 2 10397987.057007480
3 2 943.121373505
4 2 1076696.079556891
5 2 17479.963274976
6 2 25550.761666510
7 2 108662.215478555
8 2 671.590566813
9 2 17010.365658667
10 2 9921.729402605
11 2 -1015875.451201922
12 2 46.474702758
13 2 -5480.178734018
14 2 33.233368506
15 2 -1542.016604185
16 2 206727.121163626
17 2 -10340286.797023445
18 2 -149.688997993
19 2 -1076696.079556892
20 2 -17479.963274976
21 2 -25550.761666510
22 2 -3058.153399976
23 2 1042.872002403
24 2 -14504.306360768
1 3 8589.085941206
2 3 943.121373505
3 3 10360095.995891958
4 3 54638.675209846
5 3 -24152.007148262
6 3 -113.048481042
7 3 3616.842003947
8 3 -16977.769735785
9 3 -3.389600004
10 3 -245.638007231
11 3 -53.422311813
12 3 -1015886.000599509
13 3 -89.381987530
14 3 1549.549075088
15 3 -1.080506083
16 3 6576.911685529
17 3 -27.559483383
18 3 -10357383.694358155
19 3 -54638.675209846
20 3 24152.007148262
21 3 113.048481042
22 3 1742.206067563
23 3 14608.902503300
24 3 -7.698374621
1 4 17530.799616222
2 4 1076696.079556892
3 4 54638.675209846
4 4 133940129.186729327
5 4 -19.838321826
6 4 -1150.525055091
7 4 6669896.770537579
8 4 -0.662539630
9 4 -34.943187457
10 4 -531.769280851
11 4 -875.809445848
12 4 31.547794781
13 4 -9941.359854172
14 4 945.887171941
15 4 -126.111505789
16 4 3805.306145034
17 4 -1067917.912154913
18 4 24904.091563533
19 4 -133940029.186729327
20 4 19.838321826
21 4 1150.525055091
22 4 6467154.088664202
23 4 -1.283234493
24 4 -77.902137838
1 5 -1076816.117396696
2 5 17479.963274976
3 5 -24152.007148262
4 5 -19.838321826
5 5 133940063.771485299
6 5 185.989678904
7 5 -0.292624654
8 5 6669894.591845324
9 5 -1.560954176
10 5 882.456572472
11 5 -529.103610130
12 5 -82.405130944
13 5 -946.126241679
14 5 -9941.430889513
15 5 -108.931448330
16 5 1068039.861807840
17 5 3857.073721794
18 5 68808.656084965
19 5 19.838321826
20 5 -133939963.771485299
21 5 -185.989678904
22 5 -1.653149469
23 5 6467149.851325392
24 5 19.803117373
1 6 -55007.554696368
2 6 25550.761666510
3 6 -113.048481042
4 6 -1150.525055091
5 6 185.989678904
6 6 133964629.978530571
7 6 -0.855045252
8 6 -11.466248598
9 6 6670566.675373429
10 6 1.929648764
11 6 24.310764888
12 6 6.484618077
13 6 118.303429504
14 6 112.494851259
15 6 -9890.657559228
16 6 -23368.092296473
17 6 -70308.701267757
18 6 115.943724850
19 6 1150.525055091
20 6 -185.989678904
21 6 -133964529.978530571
22 6 -111.990280042
23 6 29.708411795
24 6 6468887.260413729
1 7 673.439119661
2 7 108662.215478555
3 7 3616.842003947
4 7 6669896.770537579
5 7 -0.292624654
6 7 -0.855045252
7 7 435645.783651862
8 7 -0.005391552
9 7 0.436300198
10 7 -9.540131520
11 7 -118.045216528
12 7 -1.899509597
13 7 -10646.520123649
14 7 62.727777691
15 7 2.257341670
16 7 31.718314315
17 7 -8768.151309006
18 7 561.537196654
19 7 -6669896.770537580
20 7 0.292624654
21 7 0.855045252
22 7 218548.288368390
23 7 -0.023309539
24 7 -0.520164394
1 8 -108665.844275819
2 8 671.590566813
3 8 -16977.769735785
4 8 -0.662539630
5 8 6669894.591845324
6 8 -11.466248598
7 8 -0.005391552
8 8 435645.711628079
9 8 -0.380248304
10 8 118.249580325
11 8 -9.429939221
12 8 -0.077606024
13 8 -62.732089992
14 8 -10646.524270776
15 8 0.488111331
16 8 8771.791793268
17 8 33.710433087
18 8 2234.572781083
19 8 0.662539629
20 8 -6669894.591845323
21 8 11.466248598
22 8 -0.059591387
23 8 218548.146702575
24 8 -0.744379576
1 9 -3512.757028694
2 9 17010.365658667
3 9 -3.389600004
4 9 -34.943187457
5 9 -1.560954176
6 9 6670566.675373429
7 9 0.436300198
8 9 -0.380248304
9 9 435726.585641457
10 9 0.757619246
11 9 0.628603568
12 9 0.196796835
13 9 -2.535575990
14 9 -0.452051420
15 9 -10651.336833601
16 9 -542.764916121
17 9 -2246.821394495
18 9 3.422489883
19 9 34.943187457
20 9 1.560954176
21 9 -6670566.675373429
22 9 -3.863583539
23 9 0.227147438
24 9 218533.191709403
1 10 -1015875.300993799
2 10 9921.729402605
3 10 -245.638007231
4 10 -531.769280851
5 10 882.456572472
6 10 1.929648764
7 10 -9.540131520
8 10 118.249580325
9 10 0.757619246
10 10 1099638.040073287
11 10 -0.024462969
12 10 0.035320341
13 10 -1.639593557
14 10 -7.354684111
15 10 -0.059576147
16 10 1015799.534152722
17 10 10345.831635940
18 10 233.471033395
19 10 531.769280851
20 10 -882.456572472
21 10 -1.929648764
22 10 -42.616644392
23 10 -31.696837699
24 10 -0.568356230
25 10 -1000000.000000000
26 10 0.000000000
27 10 0.000000000
1 11 -9921.383552177
2 11 -1015875.451201922
3 11 -53.422311813
4 11 -875.809445848
5 11 -529.103610130
6 11 24.310764888
7 11 -118.045216528
8 11 -9.429939221
9 11 0.628603568
10 11 -0.024462969
11 11 1099638.046076090
12 11 -0.039865982
13 11 7.366630837
14 11 -1.637449624
15 11 0.051405566
16 11 -10346.061095241
17 11 1015799.456925531
18 11 49.796075118
19 11 875.809445848
20 11 529.103610130
21 11 -24.310764888
22 11 32.144434641
23 11 -42.465383471
24 11 1.755834876
25 11 0.000000000
26 11 -1000000.000000000
27 11 0.000000000
1 12 232.744360567
2 12 46.474702758
3 12 -1015886.000599509
4 12 31.547794781
5 12 -82.405130944
6 12 6.484618077
7 12 -1.899509597
8 12 -0.077606024
9 12 0.196796835
10 12 0.035320341
11 12 -0.039865982
12 12 1099639.630410124
13 12 0.338041334
14 12 -0.389044355
15 12 0.011875690
16 12 -235.588828191
17 12 -54.516668232
18 12 1015885.324589592
19 12 -31.547794781
20 12 82.405130944
21 12 -6.484618077
22 12 4.993767430
23 12 -8.004820140
24 12 0.439224808
25 12 0.000000000
26 12 0.000000000
27 12 -1000000.000000000
1 13 34.195455595
2 13 -5480.178734018
3 13 -89.381987530
4 13 -9941.359854172
5 13 -946.126241679
6 13 118.303429504
7 13 -10646.520123649
8 13 -62.732089992
9 13 -2.535575990
10 13 -1.639593557
11 13 7.366630837
12 13 0.338041334
13 13 1000996.414657627
14 13 -0.000074335
15 13 -0.004858193
16 13 14.278036687
17 13 -4276.850534474
18 13 64.406260565
19 13 9941.359854172
20 13 946.126241679
21 13 -118.303429504
22 13 9671.455754865
23 13 -30.065474946
24 13 14.138964310
28 13 -1000000.000000000
29 13 0.000000000
30 13 0.000000000
1 14 5478.691762088
2 14 33.233368506
3 14 1549.549075088
4 14 945.887171941
5 14 -9941.430889513
6 14 112.494851259
7 14 62.727777691
8 14 -10646.524270776
9 14 -0.452051420
10 14 -7.354684111
11 14 -1.637449624
12 14 -0.389044355
13 14 -0.000074335
14 14 1000996.414565285
15 14 0.007217552
16 14 4276.858014418
17 14 14.278004735
18 14 111.872936212
19 14 -945.887171941
20 14 9941.430889513
21 14 -112.494851259
22 14 30.046338907
23 14 9671.452934733
24 14 11.485725157
28 14 0.000000000
29 14 -1000000.000000000
30 14 0.000000000
1 15 77.620459394
2 15 -1542.016604185
3 15 -1.080506083
4 15 -126.111505789
5 15 -108.931448330
6 15 -9890.657559228
7 15 2.257341670
8 15 0.488111331
9 15 -10651.336833601
10 15 -0.059576147
11 15 0.051405566
12 15 0.011875690
13 15 -0.004858193
14 15 0.007217552
15 15 1000997.126589231
16 15 -62.625893164
17 15 -113.197968881
18 15 0.017954562
19 15 126.111505789
20 15 108.931448330
21 15 9890.657559228
22 15 -14.626558517
23 15 -11.172280848
24 15 9681.245426458
28 15 0.000000000
29 15 0.000000000
30 15 -1000000.000000000
1 16 -10340460.725044971
2 16 206727.121163626
3 16 6576.911685529
4 16 3805.306145034
5 16 1068039.861807840
6 16 -23368.092296473
7 16 31.718314315
8 16 8771.791793268
9 16 -542.764916121
10 16 1015799.534152722
11 16 -10346.061095241
12 16 -235.588828191
13 16 14.278036687
14 16 4276.858014418
15 16 -62.625893164
16 16 10385241.558892163
17 16 20.484804491
18 16 1061.964003234
19 16 -3805.306145034
20 16 -1068039.861807840
21 16 23368.092296473
22 16 341.512158052
23 16 95983.254695961
24 16 -1749.214702259
1 17 -206618.493057674
2 17 -10340286.797023445
3 17 -27.559483383
4 17 -1067917.912154913
5 17 3857.073721794
6 17 -70308.701267757
7 17 -8768.151309006
8 17 33.710433087
9 17 -2246.821394495
10 17 10345.831635940
11 17 1015799.456925531
12 17 -54.516668232
13 17 -4276.850534474
14 17 14.278004735
15 17 -113.197968881
16 17 20.484804491
17 17 10385281.831809143
18 17 -486.139400951
19 17 1067917.912154913
20 17 -3857.073721794
21 17 70308.701267757
22 17 -95974.934164516
23 17 344.597485454
24 17 -4649.167728453
1 18 85.143415349
2 18 -149.688997993
3 18 -10357383.694358155
4 18 24904.091563533
5 18 68808.656084965
6 18 115.943724850
7 18 561.537196654
8 18 2234.572781083
9 18 3.422489883
10 18 233.471033395
11 18 49.796075118
12 18 1015885.324589592
13 18 64.406260565
14 18 111.872936212
15 18 0.017954562
16 18 1061.964003234
17 18 -486.139400951
18 18 10357715.396023039
19 18 -24904.091563533
20 18 -68808.656084965
21 18 -115.943724850
22 18 1881.095670151
23 18 4514.289527147
24 18 7.949454856
1 19 -17530.799616222
2 19 -1076696.079556892
3 19 -54638.675209846
4 19 -133940029.186729327
5 19 19.838321826
6 19 1150.525055091
7 19 -6669896.770537580
8 19 0.662539629
9 19 34.943187457
10 19 531.769280851
11 19 875.809445848
12 19 -31.547794781
13 19 9941.359854172
14 19 -945.887171941
15 19 126.111505789
16 19 -3805.306145034
17 19 1067917.912154912
18 19 -24904.091563533
19 19 133940129.186729327
20 19 -19.838321826
21 19 -1150.525055091
22 19 -6467154.088664202
23 19 1.283234493
24 19 77.902137838
1 20 1076816.117396696
2 20 -17479.963274976
3 20 24152.007148262
4 20 19.838321826
5 20 -133939963.771485299
6 20 -185.989678904
7 20 0.292624654
8 20 -6669894.591845323
9 20 1.560954176
10 20 -882.456572472
11 20 529.103610130
12 20 82.405130944
13 20 946.126241679
14 20 9941.430889513
15 20 108.931448330
16 20 -1068039.861807840
17 20 -3857.073721794
18 20 -68808.656084965
19 20 -19.838321826
20 20 133940063.771485299
21 20 185.989678904
22 20 1.653149469
23 20 -6467149.851325392
24 20 -19.803117373
1 21 55007.554696368
2 21 -25550.761666510
3 21 113.048481042
4 21 1150.525055091
5 21 -185.989678904
6 21 -133964529.978530571
7 21 0.855045252
8 21 11.466248598
9 21 -6670566.675373429
10 21 -1.929648764
11 21 -24.310764888
12 21 -6.484618077
13 21 -118.303429504
14 21 -112.494851259
15 21 9890.657559228
16 21 23368.092296473
17 21 70308.701267757
18 21 -115.943724850
19 21 -1150.525055091
20 21 185.989678904
21 21 133964629.978530571
22 21 111.990280042
23 21 -29.708411795
24 21 -6468887.260413729
1 22 1046.009558670
2 22 -3058.153399976
3 22 1742.206067563
4 22 6467154.088664202
5 22 -1.653149469
6 22 -111.990280042
7 22 218548.288368390
8 22 -0.059591387
9 22 -3.863583539
10 22 -42.616644392
11 22 32.144434641
12 22 4.993767430
13 22 9671.455754865
14 22 30.046338907
15 22 -14.626558517
16 22 341.512158052
17 22 -95974.934164516
18 22 1881.095670151
19 22 -6467154.088664202
20 22 1.653149469
21 22 111.990280042
22 22 415760.459307276
23 22 -0.102552139
24 22 -7.120601051
1 23 3050.008695203
2 23 1042.872002403
3 23 14608.902503300
4 23 -1.283234493
5 23 6467149.851325392
6 23 29.708411795
7 23 -0.023309539
8 23 218548.146702575
9 23 0.227147438
10 23 -31.696837699
11 23 -42.465383471
12 23 -8.004820140
13 23 -30.065474946
14 23 9671.452934733
15 23 -11.172280848
16 23 95983.254695961
17 23 344.597485454
18 23 4514.289527147
19 23 1.283234493
20 23 -6467149.851325392
21 23 -29.708411795
22 23 -0.102552139
23 23 415760.185368168
24 23 2.686700790
1 24 -1882.471328910
2 24 -14504.306360768
3 24 -7.698374621
4 24 -77.902137838
5 24 19.803117373
6 24 6468887.260413729
7 24 -0.520164394
8 24 -0.744379576
9 24 218533.191709403
10 24 -0.568356230
11 24 1.755834876
12 24 0.439224808
13 24 14.138964310
14 24 11.485725157
15 24 9681.245426458
16 24 -1749.214702259
17 24 -4649.167728453
18 24 7.949454856
19 24 77.902137838
20 24 -19.803117373
21 24 -6468887.260413729
22 24 -7.120601051
23 24 2.686700790
24 24 415945.548205024
10 25 -1000000.000000000
11 25 0.000000000
12 25 0.000000000
25 25 1000000.000000000
26 25 0.000000000
27 25 0.000000000
10 26 0.000000000
11 26 -1000000.000000000
12 26 0.000000000
25 26 0.000000000
26 26 1000000.000000000
27 26 0.000000000
10 27 0.000000000
11 27 0.000000000
12 27 -1000000.000000000
25 27 0.000000000
26 27 0.000000000
27 27 1000000.000000000
13 28 -1000000.000000000
14 28 0.000000000
15 28 0.000000000
28 28 1000000.000000000
29 28 0.000000000
30 28 0.000000000
13 29 0.000000000
14 29 -1000000.000000000
15 29 0.000000000
28 29 0.000000000
29 29 1000000.000000000
30 29 0.000000000
13 30 0.000000000
14 30 0.000000000
15 30 -1000000.000000000
28 30 0.000000000
29 30 0.000000000
30 30 1000000.000000000
