2026 0 0 0 0
2030 0 0 0 0
2034 0 0 0 0
3917 8 -21.3415 -58.1675 -1.9197
3921 8 -21.3415 -58.1675 -1.9197
3925 8 -21.3415 -58.1675 -1.9197
3929 8 -21.3415 -58.1675 -1.9197
3929 9 -19.94 -68.4626 -1.42016
3933 8 -21.3415 -58.1675 -1.9197
3933 9 -19.94 -68.4626 -1.42016
3937 8 -21.3415 -58.1675 -1.9197
3937 9 -19.94 -68.4626 -1.42016
3941 8 -21.3415 -58.1675 -1.9197
3941 9 -19.94 -68.4626 -1.42016
3941 12 -40.338 -75.5149 1.22154
3945 8 -21.3415 -58.1675 -1.9197
3945 9 -19.94 -68.4626 -1.42016
3945 12 -40.338 -75.5149 1.22154
3949 8 -21.3415 -58.1675 -1.9197
3949 9 -19.94 -68.4626 -1.42016
3949 12 -40.338 -75.5149 1.22154
3953 8 -21.3415 -58.1675 -1.9197
3953 9 -19.94 -68.4626 -1.42016
3953 12 -40.338 -75.5149 1.22154
3957 8 -21.3415 -58.1675 -1.9197
3957 9 -19.94 -68.4626 -1.42016
3957 12 -40.338 -75.5149 1.22154
3961 8 -21.3415 -58.1675 -1.9197
3961 9 -19.94 -68.4626 -1.42016
3965 8 -21.3415 -58.1675 -1.9197
3965 9 -19.94 -68.4626 -1.42016
3969 8 -21.3415 -58.1675 -1.9197
3969 9 -19.94 -68.4626 -1.42016
3973 8 -21.3415 -58.1675 -1.9197
3973 9 -19.94 -68.4626 -1.42016
3977 8 -21.3415 -58.1675 -1.9197
3977 9 -19.94 -68.4626 -1.42016
3981 8 -21.3415 -58.1675 -1.9197
3981 9 -19.94 -68.4626 -1.42016
3985 8 -21.3415 -58.1675 -1.9197
3985 9 -19.94 -68.4626 -1.42016
3989 8 -21.3415 -58.1675 -1.9197
3989 9 -19.94 -68.4626 -1.42016
3993 9 -19.9413 -68.468 -1.42005
3997 9 -19.9413 -68.468 -1.42005
4001 9 -19.9413 -68.468 -1.42005
4005 9 -19.9413 -68.468 -1.42005
4009 7 -18.3495 -49.9 -1.98366
4009 9 -19.9413 -68.468 -1.42005
4013 7 -18.3495 -49.9 -1.98366
4013 9 -19.9413 -68.468 -1.42005
4017 9 -19.9394 -68.4748 -1.41985
4021 9 -19.9394 -68.4748 -1.41985
4025 9 -19.9394 -68.4748 -1.41985
4029 9 -19.9394 -68.4748 -1.41985
4033 9 -19.9394 -68.4748 -1.41985
4037 9 -19.9394 -68.4748 -1.41985
4041 9 -19.9394 -68.4748 -1.41985
4045 9 -19.9394 -68.4748 -1.41985
4049 9 -19.9394 -68.4748 -1.41985
4053 9 -19.9394 -68.4748 -1.41985
4057 9 -19.9394 -68.4748 -1.41985
4061 9 -19.9394 -68.4748 -1.41985
4065 9 -19.9394 -68.4748 -1.41985
4069 9 -19.9394 -68.4748 -1.41985
4074 9 -19.9394 -68.4748 -1.41985
4078 9 -19.9394 -68.4748 -1.41985
4083 7 -18.3509 -49.9069 -1.98353
4083 8 -21.3441 -58.1803 -1.91947
4083 9 -19.9394 -68.4748 -1.41985
4088 6 -15.7667 -43.9817 -2.1195
4088 8 -21.3435 -58.1913 -1.91927
4088 9 -19.936 -68.4854 -1.41959
4093 6 -15.7667 -43.9817 -2.1195
4093 8 -21.3435 -58.1913 -1.91927
4093 9 -19.936 -68.4854 -1.41959
4098 8 -21.3416 -58.2015 -1.91902
4098 9 -19.9289 -68.4947 -1.41909
4102 8 -21.3416 -58.2015 -1.91902
4102 9 -19.9289 -68.4947 -1.41909
4107 8 -21.3416 -58.2015 -1.91902
4107 9 -19.9289 -68.4947 -1.41909
4111 8 -21.3416 -58.2015 -1.91902
4111 9 -19.9289 -68.4947 -1.41909
4115 8 -21.3416 -58.2015 -1.91902
4115 9 -19.9289 -68.4947 -1.41909
4120 8 -21.3416 -58.2015 -1.91902
4120 9 -19.9289 -68.4947 -1.41909
4125 8 -21.3416 -58.2015 -1.91902
4125 9 -19.9289 -68.4947 -1.41909
4130 8 -21.3416 -58.2015 -1.91902
4135 8 -21.3416 -58.2015 -1.91902
4140 8 -21.3416 -58.2015 -1.91902
4145 8 -21.3416 -58.2015 -1.91902
4150 8 -21.3416 -58.2015 -1.91902
4155 8 -21.3416 -58.2015 -1.91902
4160 6 -15.7676 -43.991 -2.1194
4160 7 -18.3522 -49.9269 -1.98324
4160 8 -21.3416 -58.2015 -1.91902
4165 6 -15.7676 -43.991 -2.1194
4165 7 -18.3522 -49.9269 -1.98324
4165 8 -21.3416 -58.2015 -1.91902
4170 6 -15.7676 -43.991 -2.1194
4170 7 -18.3522 -49.9269 -1.98324
4170 8 -21.3416 -58.2015 -1.91902
4175 7 -18.353 -49.9398 -1.98313
4175 8 -21.34 -58.2152 -1.91872
4180 7 -18.353 -49.9398 -1.98313
4180 8 -21.34 -58.2152 -1.91872
4185 7 -18.353 -49.9398 -1.98313
4185 8 -21.34 -58.2152 -1.91872
4189 7 -18.353 -49.9398 -1.98313
4189 8 -21.34 -58.2152 -1.91872
4194 7 -18.353 -49.9398 -1.98313
4194 8 -21.34 -58.2152 -1.91872
4198 7 -18.353 -49.9398 -1.98313
4198 8 -21.34 -58.2152 -1.91872
4202 7 -18.353 -49.9398 -1.98313
4202 8 -21.34 -58.2152 -1.91872
4206 7 -18.353 -49.9398 -1.98313
4206 8 -21.34 -58.2152 -1.91872
4210 5 -8.27607 -39.1835 -2.13157
4210 7 -18.353 -49.9398 -1.98313
4210 8 -21.34 -58.2152 -1.91872
4215 7 -18.3614 -49.9473 -1.98309
4215 8 -21.3432 -58.2244 -1.9181
4219 7 -18.3614 -49.9473 -1.98309
4219 8 -21.3432 -58.2244 -1.9181
4223 7 -18.3614 -49.9473 -1.98309
4223 8 -21.3432 -58.2244 -1.9181
4227 7 -18.3614 -49.9473 -1.98309
4227 8 -21.3432 -58.2244 -1.9181
4232 7 -18.3614 -49.9473 -1.98309
4232 8 -21.3432 -58.2244 -1.9181
4237 7 -18.3614 -49.9473 -1.98309
4237 8 -21.3432 -58.2244 -1.9181
4241 7 -18.3614 -49.9473 -1.98309
4241 8 -21.3432 -58.2244 -1.9181
4246 7 -18.3614 -49.9473 -1.98309
4246 8 -21.3432 -58.2244 -1.9181
4250 7 -18.3614 -49.9473 -1.98309
4250 8 -21.3432 -58.2244 -1.9181
4254 5 -8.28298 -39.1935 -2.1319
4254 6 -15.7777 -44.0111 -2.11964
4254 7 -18.3614 -49.9473 -1.98309
4254 8 -21.3432 -58.2244 -1.9181
4254 15 -24.4158 -56.693 1.0357
4258 6 -15.7908 -44.0196 -2.12004
4258 7 -18.3744 -49.9558 -1.98307
4258 8 -21.3513 -58.2345 -1.91751
4258 15 -24.4127 -56.6597 1.0382
4263 6 -15.7908 -44.0196 -2.12004
4263 7 -18.3744 -49.9558 -1.98307
4263 8 -21.3513 -58.2345 -1.91751
4263 15 -24.4127 -56.6597 1.0382
4268 6 -15.7908 -44.0196 -2.12004
4268 7 -18.3744 -49.9558 -1.98307
4268 8 -21.3513 -58.2345 -1.91751
4268 15 -24.4127 -56.6597 1.0382
4272 6 -15.7908 -44.0196 -2.12004
4272 7 -18.3744 -49.9558 -1.98307
4272 8 -21.3513 -58.2345 -1.91751
4272 15 -24.4127 -56.6597 1.0382
4276 6 -15.7908 -44.0196 -2.12004
4276 7 -18.3744 -49.9558 -1.98307
4276 15 -24.4127 -56.6597 1.0382
4280 6 -15.7908 -44.0196 -2.12004
4280 7 -18.3744 -49.9558 -1.98307
4285 6 -15.7908 -44.0196 -2.12004
4285 7 -18.3744 -49.9558 -1.98307
4290 6 -15.7908 -44.0196 -2.12004
4290 7 -18.3744 -49.9558 -1.98307
4295 6 -15.7908 -44.0196 -2.12004
4295 7 -18.3744 -49.9558 -1.98307
4299 6 -15.7908 -44.0196 -2.12004
4299 7 -18.3744 -49.9558 -1.98307
4303 6 -15.7908 -44.0196 -2.12004
4303 7 -18.3744 -49.9558 -1.98307
4307 6 -15.7908 -44.0196 -2.12004
4307 7 -18.3744 -49.9558 -1.98307
4312 6 -15.7908 -44.0196 -2.12004
4312 7 -18.3744 -49.9558 -1.98307
4316 6 -15.7908 -44.0196 -2.12004
4316 7 -18.3744 -49.9558 -1.98307
4320 6 -15.7908 -44.0196 -2.12004
4320 7 -18.3744 -49.9558 -1.98307
4324 6 -15.7908 -44.0196 -2.12004
4324 7 -18.3744 -49.9558 -1.98307
4328 6 -15.7908 -44.0196 -2.12004
4328 7 -18.3744 -49.9558 -1.98307
4332 6 -15.7908 -44.0196 -2.12004
4332 7 -18.3744 -49.9558 -1.98307
4336 6 -15.7908 -44.0196 -2.12004
4336 7 -18.3744 -49.9558 -1.98307
4340 6 -15.7908 -44.0196 -2.12004
4340 7 -18.3744 -49.9558 -1.98307
4344 6 -15.7908 -44.0196 -2.12004
4344 7 -18.3744 -49.9558 -1.98307
4348 6 -15.7908 -44.0196 -2.12004
4348 7 -18.3744 -49.9558 -1.98307
4352 6 -15.7908 -44.0196 -2.12004
4352 7 -18.3744 -49.9558 -1.98307
4356 5 -8.2942 -39.205 -2.1323
4356 6 -15.7908 -44.0196 -2.12004
4356 7 -18.3744 -49.9558 -1.98307
4360 5 -8.2942 -39.205 -2.1323
4360 6 -15.7908 -44.0196 -2.12004
4360 7 -18.3744 -49.9558 -1.98307
4364 5 -8.2942 -39.205 -2.1323
4364 6 -15.7908 -44.0196 -2.12004
4364 7 -18.3744 -49.9558 -1.98307
4368 5 -8.2942 -39.205 -2.1323
4368 6 -15.7908 -44.0196 -2.12004
4368 7 -18.3744 -49.9558 -1.98307
4372 5 -8.2942 -39.205 -2.1323
4372 6 -15.7908 -44.0196 -2.12004
4372 7 -18.3744 -49.9558 -1.98307
4377 5 -8.2942 -39.205 -2.1323
4377 6 -15.7908 -44.0196 -2.12004
4377 7 -18.3744 -49.9558 -1.98307
4381 5 -8.2942 -39.205 -2.1323
4381 6 -15.7908 -44.0196 -2.12004
4381 7 -18.3744 -49.9558 -1.98307
4385 5 -8.2942 -39.205 -2.1323
4385 6 -15.7908 -44.0196 -2.12004
4390 5 -8.2942 -39.205 -2.1323
4390 6 -15.7908 -44.0196 -2.12004
4395 5 -8.2942 -39.205 -2.1323
4395 6 -15.7908 -44.0196 -2.12004
4400 5 -8.2942 -39.205 -2.1323
4400 6 -15.7908 -44.0196 -2.12004
4404 5 -8.2942 -39.205 -2.1323
4404 6 -15.7908 -44.0196 -2.12004
4408 4 -0.492212 -26.3145 -2.28178
4408 5 -8.2942 -39.205 -2.1323
4408 6 -15.7908 -44.0196 -2.12004
4412 4 -0.492212 -26.3145 -2.28178
4412 5 -8.2942 -39.205 -2.1323
4412 6 -15.7908 -44.0196 -2.12004
4416 4 -0.492212 -26.3145 -2.28178
4416 5 -8.2942 -39.205 -2.1323
4416 6 -15.7908 -44.0196 -2.12004
4420 5 -8.31 -39.2168 -2.13362
4420 6 -15.8108 -44.0248 -2.12091
4424 4 -0.490989 -26.3367 -2.28308
4424 5 -8.31 -39.2168 -2.13362
4424 6 -15.8108 -44.0248 -2.12091
4424 17 -18.9982 -45.0556 1.12866
4428 5 -8.33155 -39.2291 -2.1349
4428 6 -15.8364 -44.0307 -2.12175
4432 5 -8.33155 -39.2291 -2.1349
4432 6 -15.8364 -44.0307 -2.12175
4436 5 -8.33155 -39.2291 -2.1349
4436 6 -15.8364 -44.0307 -2.12175
4441 5 -8.33155 -39.2291 -2.1349
4441 6 -15.8364 -44.0307 -2.12175
4445 5 -8.33155 -39.2291 -2.1349
4445 6 -15.8364 -44.0307 -2.12175
4449 5 -8.33155 -39.2291 -2.1349
4449 6 -15.8364 -44.0307 -2.12175
4453 5 -8.33155 -39.2291 -2.1349
4453 6 -15.8364 -44.0307 -2.12175
4457 5 -8.33155 -39.2291 -2.1349
4457 6 -15.8364 -44.0307 -2.12175
4461 5 -8.33155 -39.2291 -2.1349
4461 6 -15.8364 -44.0307 -2.12175
4465 5 -8.33155 -39.2291 -2.1349
4469 5 -8.33155 -39.2291 -2.1349
4473 5 -8.33155 -39.2291 -2.1349
4477 5 -8.33155 -39.2291 -2.1349
4482 5 -8.33155 -39.2291 -2.1349
4487 5 -8.33155 -39.2291 -2.1349
4492 5 -8.33155 -39.2291 -2.1349
4497 5 -8.33155 -39.2291 -2.1349
4502 5 -8.33155 -39.2291 -2.1349
4507 5 -8.33155 -39.2291 -2.1349
4512 5 -8.33155 -39.2291 -2.1349
4517 5 -8.33155 -39.2291 -2.1349
4522 5 -8.33155 -39.2291 -2.1349
4527 3 3.72837 -18.4577 -2.05773
4527 5 -8.33155 -39.2291 -2.1349
4532 3 3.72837 -18.4577 -2.05773
4532 5 -8.33155 -39.2291 -2.1349
4537 3 3.72837 -18.4577 -2.05773
4537 5 -8.33155 -39.2291 -2.1349
4542 3 3.72837 -18.4577 -2.05773
4542 5 -8.33155 -39.2291 -2.1349
4548 3 3.72837 -18.4577 -2.05773
4548 5 -8.33155 -39.2291 -2.1349
4554 5 -8.3583 -39.2378 -2.1363
4560 5 -8.3583 -39.2378 -2.1363
4568 5 -8.3583 -39.2378 -2.1363
4575 5 -8.3583 -39.2378 -2.1363
4583 5 -8.3583 -39.2378 -2.1363
4590 5 -8.3583 -39.2378 -2.1363
4600 5 -8.3583 -39.2378 -2.1363
4608 5 -8.3583 -39.2378 -2.1363
4614 5 -8.3583 -39.2378 -2.1363
4619 5 -8.3583 -39.2378 -2.1363
4624 5 -8.3583 -39.2378 -2.1363
4629 5 -8.3583 -39.2378 -2.1363
4633 5 -8.3583 -39.2378 -2.1363
4638 5 -8.3583 -39.2378 -2.1363
4642 3 3.73256 -18.4844 -2.05935
4642 4 -0.504783 -26.3788 -2.28598
4642 5 -8.3583 -39.2378 -2.1363
4647 4 -0.513627 -26.3991 -2.28745
4647 5 -8.38217 -39.2487 -2.13748
4652 4 -0.513627 -26.3991 -2.28745
4652 5 -8.38217 -39.2487 -2.13748
4657 4 -0.513627 -26.3991 -2.28745
4657 5 -8.38217 -39.2487 -2.13748
4662 4 -0.513627 -26.3991 -2.28745
4662 5 -8.38217 -39.2487 -2.13748
4667 4 -0.513627 -26.3991 -2.28745
4667 5 -8.38217 -39.2487 -2.13748
4671 5 -8.40382 -39.2543 -2.13794
4675 5 -8.40382 -39.2543 -2.13794
4679 5 -8.40382 -39.2543 -2.13794
4683 5 -8.40382 -39.2543 -2.13794
4687 5 -8.40382 -39.2543 -2.13794
4692 5 -8.40382 -39.2543 -2.13794
4697 5 -8.40382 -39.2543 -2.13794
4702 5 -8.40382 -39.2543 -2.13794
4708 5 -8.40382 -39.2543 -2.13794
4733 2 6.26659 -13.0774 -1.93489
4738 2 6.26659 -13.0774 -1.93489
4743 2 6.26659 -13.0774 -1.93489
4748 2 6.26659 -13.0774 -1.93489
4755 2 6.26659 -13.0774 -1.93489
4760 2 6.26659 -13.0774 -1.93489
4766 2 6.26659 -13.0774 -1.93489
4771 2 6.26659 -13.0774 -1.93489
4776 2 6.26659 -13.0774 -1.93489
4781 2 6.26659 -13.0774 -1.93489
4786 2 6.26659 -13.0774 -1.93489
4792 2 6.26659 -13.0774 -1.93489
4798 2 6.26659 -13.0774 -1.93489
4804 2 6.26659 -13.0774 -1.93489
4810 2 6.26659 -13.0774 -1.93489
4816 2 6.26659 -13.0774 -1.93489
4822 2 6.26659 -13.0774 -1.93489
4828 2 6.26659 -13.0774 -1.93489
4834 2 6.26659 -13.0774 -1.93489
4840 2 6.26659 -13.0774 -1.93489
4847 2 6.26659 -13.0774 -1.93489
4860 2 6.26659 -13.0774 -1.93489
4879 2 6.26659 -13.0774 -1.93489
4890 2 6.26659 -13.0774 -1.93489
4898 2 6.26659 -13.0774 -1.93489
4936 3 3.72484 -18.5233 -2.0615
4936 4 -0.529447 -26.4084 -2.28813
4936 19 -13.3765 -32.6537 1.17108
5311 0 0.104097 -0.172735 -0.00697568
5315 0 0.104097 -0.172735 -0.00697568
5320 0 0.104097 -0.172735 -0.00697568
5324 0 0.104097 -0.172735 -0.00697568
5328 0 0.104097 -0.172735 -0.00697568
5333 0 0.104097 -0.172735 -0.00697568
5337 0 0.104097 -0.172735 -0.00697568
5342 0 0.104097 -0.172735 -0.00697568
5347 0 0.104097 -0.172735 -0.00697568
5352 0 0.104097 -0.172735 -0.00697568
5357 0 0.104097 -0.172735 -0.00697568
5361 0 0.104097 -0.172735 -0.00697568
5366 0 0.104097 -0.172735 -0.00697568
5371 0 0.104097 -0.172735 -0.00697568
5376 0 0.104097 -0.172735 -0.00697568
5381 0 0.104097 -0.172735 -0.00697568
5386 0 0.104097 -0.172735 -0.00697568
5391 0 0.104097 -0.172735 -0.00697568
5396 0 0.104097 -0.172735 -0.00697568
5401 0 0.104097 -0.172735 -0.00697568
5406 0 0.104097 -0.172735 -0.00697568
5411 0 0.104097 -0.172735 -0.00697568
5416 0 0.104097 -0.172735 -0.00697568
5421 0 0.104097 -0.172735 -0.00697568
5426 0 0.104097 -0.172735 -0.00697568
5432 0 0.104097 -0.172735 -0.00697568
5438 0 0.104097 -0.172735 -0.00697568
5444 0 0.104097 -0.172735 -0.00697568
5451 0 0.0929066 -0.176593 -0.00701204
5457 0 0.0929066 -0.176593 -0.00701204
5463 0 0.0929066 -0.176593 -0.00701204
5469 0 0.0929066 -0.176593 -0.00701204
5475 0 0.0929066 -0.176593 -0.00701204
5481 0 0.0929066 -0.176593 -0.00701204
5487 0 0.0929066 -0.176593 -0.00701204
5493 0 0.0929066 -0.176593 -0.00701204
5499 0 0.0929066 -0.176593 -0.00701204
5506 0 0.0929066 -0.176593 -0.00701204
5512 0 0.0929066 -0.176593 -0.00701204
5518 0 0.0929066 -0.176593 -0.00701204
5525 0 0.0929066 -0.176593 -0.00701204
5532 0 0.0929066 -0.176593 -0.00701204
5538 0 0.0929066 -0.176593 -0.00701204
5545 0 0.0684792 -0.181736 -0.00618041
5552 0 0.0684792 -0.181736 -0.00618041
5560 0 0.0684792 -0.181736 -0.00618041
5568 0 0.0684792 -0.181736 -0.00618041
5576 0 0.0684792 -0.181736 -0.00618041
5583 0 0.0684792 -0.181736 -0.00618041
5589 0 0.0684792 -0.181736 -0.00618041
5589 1 11.2615 -2.94272 -1.16532
5595 0 0.0684792 -0.181736 -0.00618041
5595 1 11.2615 -2.94272 -1.16532
5601 0 0.0684792 -0.181736 -0.00618041
5601 1 11.2615 -2.94272 -1.16532
5606 0 0.0684792 -0.181736 -0.00618041
5606 1 11.2615 -2.94272 -1.16532
5612 0 0.0684792 -0.181736 -0.00618041
5612 1 11.2615 -2.94272 -1.16532
5619 0 0.0172359 -0.182304 -0.00444421
5619 1 11.2151 -2.92385 -1.16358
5626 0 0.0172359 -0.182304 -0.00444421
5626 1 11.2151 -2.92385 -1.16358
5633 0 0.0172359 -0.182304 -0.00444421
5633 1 11.2151 -2.92385 -1.16358
5633 2 6.20722 -13.0874 -1.93249
5641 0 0.0172359 -0.182304 -0.00444421
5641 1 11.2151 -2.92385 -1.16358
5641 2 6.20722 -13.0874 -1.93249
5654 0 0.0172359 -0.182304 -0.00444421
5654 1 11.2151 -2.92385 -1.16358
5654 2 6.20722 -13.0874 -1.93249
5751 1 11.3076 -2.97015 -1.16691
5751 2 6.26718 -13.1177 -1.93568
5759 1 11.3076 -2.97015 -1.16691
5759 2 6.26718 -13.1177 -1.93568
5766 1 11.3076 -2.97015 -1.16691
5766 2 6.26718 -13.1177 -1.93568
5771 1 11.3076 -2.97015 -1.16691
5771 2 6.26718 -13.1177 -1.93568
5776 1 11.3076 -2.97015 -1.16691
5776 2 6.26718 -13.1177 -1.93568
5782 1 11.3076 -2.97015 -1.16691
5782 2 6.26718 -13.1177 -1.93568
5788 0 0.11891 -0.191299 -0.00777786
5788 1 11.3076 -2.97015 -1.16691
5788 2 6.26718 -13.1177 -1.93568
5793 1 11.3583 -2.99336 -1.1696
5793 2 6.29258 -13.1283 -1.93818
5798 1 11.3583 -2.99336 -1.1696
5798 2 6.29258 -13.1283 -1.93818
5803 1 11.3583 -2.99336 -1.1696
5803 2 6.29258 -13.1283 -1.93818
5808 2 6.28261 -13.1184 -1.93866
5813 2 6.28261 -13.1184 -1.93866
5819 2 6.28261 -13.1184 -1.93866
5825 2 6.28261 -13.1184 -1.93866
5830 2 6.28261 -13.1184 -1.93866
5836 2 6.28261 -13.1184 -1.93866
5842 2 6.28261 -13.1184 -1.93866
5848 2 6.28261 -13.1184 -1.93866
5854 2 6.28261 -13.1184 -1.93866
5859 2 6.28261 -13.1184 -1.93866
5865 2 6.28261 -13.1184 -1.93866
5870 2 6.28261 -13.1184 -1.93866
5875 2 6.28261 -13.1184 -1.93866
5880 2 6.28261 -13.1184 -1.93866
5885 2 6.28261 -13.1184 -1.93866
5890 2 6.28261 -13.1184 -1.93866
5895 2 6.28261 -13.1184 -1.93866
5900 2 6.28261 -13.1184 -1.93866
5905 2 6.28261 -13.1184 -1.93866
5910 2 6.28261 -13.1184 -1.93866
5915 2 6.28261 -13.1184 -1.93866
5919 2 6.28261 -13.1184 -1.93866
5923 2 6.28261 -13.1184 -1.93866
5927 2 6.28261 -13.1184 -1.93866
5931 2 6.28261 -13.1184 -1.93866
5935 0 0.173902 -0.170175 -0.0110762
5935 1 11.3532 -2.98592 -1.17021
5935 2 6.28261 -13.1184 -1.93866
5940 2 6.29464 -13.1216 -1.93959
5945 2 6.29464 -13.1216 -1.93959
5949 2 6.29464 -13.1216 -1.93959
5953 2 6.29464 -13.1216 -1.93959
5958 2 6.29464 -13.1216 -1.93959
5962 2 6.29464 -13.1216 -1.93959
5966 2 6.29464 -13.1216 -1.93959
5970 2 6.29464 -13.1216 -1.93959
5974 2 6.29464 -13.1216 -1.93959
5978 2 6.29464 -13.1216 -1.93959
5982 2 6.29464 -13.1216 -1.93959
5986 2 6.29464 -13.1216 -1.93959
5991 2 6.29464 -13.1216 -1.93959
6001 2 6.29464 -13.1216 -1.93959
6008 2 6.29464 -13.1216 -1.93959
6014 2 6.29464 -13.1216 -1.93959
6020 2 6.29464 -13.1216 -1.93959
6026 2 6.29464 -13.1216 -1.93959
6033 2 6.29464 -13.1216 -1.93959
6039 2 6.29464 -13.1216 -1.93959
6045 2 6.29464 -13.1216 -1.93959
6051 2 6.29464 -13.1216 -1.93959
6056 2 6.29464 -13.1216 -1.93959
6061 2 6.29464 -13.1216 -1.93959
6066 2 6.29464 -13.1216 -1.93959
6071 2 6.29464 -13.1216 -1.93959
6076 2 6.29464 -13.1216 -1.93959
6080 2 6.29464 -13.1216 -1.93959
6084 2 6.29464 -13.1216 -1.93959
6089 2 6.29464 -13.1216 -1.93959
6093 2 6.29464 -13.1216 -1.93959
6098 2 6.29464 -13.1216 -1.93959
6098 23 -9.86721 -4.77619 1.18248
6103 2 6.29541 -13.1202 -1.94001
6108 2 6.29541 -13.1202 -1.94001
6113 2 6.29541 -13.1202 -1.94001
6118 2 6.29541 -13.1202 -1.94001
6123 2 6.29541 -13.1202 -1.94001
6127 0 0.204261 -0.163588 -0.0124267
6127 1 11.3797 -2.99445 -1.17156
6127 2 6.29541 -13.1202 -1.94001
6127 23 -9.87261 -4.77995 1.18272
6127 24 1.25898 -0.855066 -0.39701
6131 0 0.188667 -0.157034 -0.0121713
6131 1 11.3648 -2.98504 -1.17131
6131 2 6.28317 -13.1121 -1.93974
6136 0 0.181004 -0.154911 -0.0119971
6136 1 11.3576 -2.98098 -1.17113
6136 2 6.27776 -13.109 -1.93957
6141 0 0.187763 -0.156052 -0.0121975
6141 1 11.3638 -2.98436 -1.17134
6141 2 6.28178 -13.1113 -1.93978
6145 0 0.18106 -0.154428 -0.0120507
6145 1 11.3575 -2.9811 -1.17119
6145 2 6.27683 -13.1087 -1.93965
6150 0 0.18106 -0.154428 -0.0120507
6150 1 11.3575 -2.9811 -1.17119
6150 2 6.27683 -13.1087 -1.93965
6155 0 0.18106 -0.154428 -0.0120507
6155 1 11.3575 -2.9811 -1.17119
6155 2 6.27683 -13.1087 -1.93965
6160 0 0.18106 -0.154428 -0.0120507
6160 1 11.3575 -2.9811 -1.17119
6160 2 6.27683 -13.1087 -1.93965
6166 0 0.18106 -0.154428 -0.0120507
6166 1 11.3575 -2.9811 -1.17119
6166 2 6.27683 -13.1087 -1.93965
6173 0 0.18106 -0.154428 -0.0120507
6173 1 11.3575 -2.9811 -1.17119
6173 2 6.27683 -13.1087 -1.93965
6208 0 0.18106 -0.154428 -0.0120507
6208 1 11.3575 -2.9811 -1.17119
6208 2 6.27683 -13.1087 -1.93965
6278 0 0.18106 -0.154428 -0.0120507
6278 1 11.3575 -2.9811 -1.17119
6278 2 6.27683 -13.1087 -1.93965
