244 629 4.60887 -17.4643 -24.1826 -0.419988 -0.00504929 -0.0362606 -0.968565 0.246054 
250 616 5.96947 4.59574 -26.0716 -1.32628 0.0606648 -0.0690016 -0.781934 0.616554 
250 622 5.67539 -1.57522 -24.1525 -1.18486 0.0472487 -0.048739 -0.766583 0.638547 
250 628 5.68404 -6.32446 -23.2098 -1.09122 0.0201399 -0.036808 -0.847539 0.529072 
250 634 4.62938 -10.2873 -21.8274 -1.03779 0.0185047 -0.000464388 -0.758979 0.650852 
256 600 5.00713 15.3886 -25.2185 -0.901073 0.0208777 -0.0410079 -0.722487 0.689851 
256 606 6.24938 13.1085 -23.8304 -0.950461 0.00626519 -0.0568402 -0.919682 0.388479 
256 612 5.97601 7.55378 -21.0626 -0.867503 0.0150765 -0.0361001 -0.764889 0.642973 
256 618 5.56328 1.51793 -19.1602 -0.746237 0.0162985 -0.0239501 -0.816815 0.576172 
256 624 5.88678 -4.57308 -17.2881 -0.4234 0.0286769 -0.0249032 -0.744208 0.666867 
256 630 4.92104 -8.17574 -15.576 -0.27538 0.0455792 -0.054789 -0.869445 0.488861 
262 590 5.13557 22.3967 -18.3631 -0.102778 0.0349454 -0.0520751 -0.714368 0.696954 
262 596 5.67931 20.0426 -17.9927 0.139576 0.0978833 -0.143172 -0.759649 0.626781 
262 602 5.62117 16.487 -17.8343 0.101153 0.0147809 -0.063191 -0.763811 0.64217 
262 608 5.99501 13.1639 -15.3009 0.0845645 -0.00729131 -0.0170294 -0.866034 0.499643 
262 614 6.66819 7.18306 -13.6532 -0.14126 0.0264595 -0.0519533 -0.793111 0.60628 
262 620 6.55703 1.18061 -11.882 -0.0810965 0.0206821 -0.0243324 -0.818062 0.574243 
262 626 5.45425 -4.75669 -10.5942 -0.133479 -0.0508437 0.0599337 -0.801751 0.592468 
268 576 6.96794 10.5435 -27.6432 1.41657 0.0541064 0.0728499 -0.941689 -0.324018 
268 588 5.23134 10.7942 -23.1474 0.970078 0.0268895 -0.0777595 -0.934322 0.346804 
268 600 5.16153 5.45458 -18.5345 0.9862 0.0269529 -0.0813877 -0.885323 0.457005 
268 606 6.63744 4.31697 -16.1017 0.767791 0.0177799 -0.0830459 -0.989937 0.113188 
268 612 6.27859 1.1354 -10.7966 0.398382 0.0229807 -0.0717607 -0.912699 0.401626 
268 618 5.65911 -2.92342 -5.97315 0.0761348 0.0292966 -0.0611432 -0.944222 0.322254 
268 624 5.97158 -7.05286 -1.09648 -0.102508 0.0373045 -0.0666247 -0.899336 0.430539 
268 630 4.96362 -9.16448 2.25382 -0.333727 0.0488734 -0.0919787 -0.96897 0.224161 
274 567 6.25503 -12.5833 -27.0581 -1.38541 -0.0154806 -0.000318509 -0.923859 -0.38242 
274 573 6.03314 -7.69342 -23.5676 -1.37895 -0.0492244 0.00916951 -0.804486 -0.591858 
274 579 6.5787 -3.42362 -22.1956 -1.73988 -0.0188956 0.0297546 -0.872441 -0.487447 
274 585 6.21431 -2.17452 -20.3663 -1.74056 -0.0340594 -0.0326724 -0.980276 -0.191916 
274 591 6.26231 -2.85963 -16.2988 -1.38121 -0.0209578 0.0942439 -0.982255 0.160789 
274 597 5.34981 -3.15756 -14.3139 -1.17723 -0.0202554 -0.00190651 -0.992117 0.123651 
274 609 6.78789 -2.82251 -6.6127 -0.462574 -0.0339859 0.00239571 -0.999068 -0.0264849 
274 615 6.91981 -3.67847 -0.4738 0.165032 -0.0136966 0.0277229 -0.997376 0.0654556 
274 621 5.58212 -4.0854 5.96265 0.785907 -0.011157 -0.0203983 -0.999321 0.0285776 
274 627 5.78679 -5.03162 11.0986 1.2985 -0.0183726 0.0318692 -0.998496 0.0406597 
280 562 6.00542 -16.123 -24.8903 1.60172 0.00603003 -0.04765 -0.916326 -0.397543 
280 568 7.1427 -11.4167 -20.3274 1.27542 -0.00174638 -0.0430925 -0.930963 -0.362557 
280 574 6.82295 -6.44873 -17.3404 0.866662 0.00883226 -0.00240983 -0.801964 -0.597302 
280 580 6.06008 -2.96547 -15.9712 0.42288 0.00729287 -0.0019105 -0.923202 -0.384242 
280 586 6.26405 -1.9009 -13.8586 0.22252 -0.0134208 -0.065496 -0.993616 -0.0908675 
280 592 5.80662 -2.93665 -9.78635 0.274335 -0.0184273 -0.0343095 -0.987758 0.151052 
280 598 6.55506 -3.40686 -7.31693 0.318488 -0.0326211 0.00647828 -0.977738 0.207176 
280 604 6.84985 -4.15858 -5.10549 0.42533 -0.0473712 -0.156422 -0.985383 -0.0480379 
280 616 5.57994 -4.1325 6.6962 0.423266 -0.00740871 -0.0988981 -0.991854 0.0799311 
280 622 4.50323 -4.73433 13.2155 0.404469 -0.0064587 -0.0742453 -0.991419 0.107395 
280 628 5.17423 -5.67349 17.9509 0.557155 -0.0238631 -0.0498948 -0.998021 -0.0299035 
286 557 6.41576 -16.2021 -24.6792 -0.0827987 0.0596758 -0.0254525 -0.935804 -0.3465 
286 563 6.74713 -12.2066 -19.6211 -0.0288422 0.0641209 -0.0263856 -0.942987 -0.325526 
286 569 6.37073 -8.3116 -14.4166 0.170814 0.0589754 -0.0098319 -0.951423 -0.302025 
286 575 5.99542 -3.43365 -11.1669 0.370447 0.0499572 0.0147508 -0.850227 -0.523833 
286 581 6.64382 -0.885543 -9.45314 0.304691 0.0577201 0.0312155 -0.969919 -0.234417 
286 587 5.63932 -0.301571 -7.12466 0.114445 0.0501299 -0.109566 -0.991273 0.0534801 
286 593 5.79266 -1.88654 -3.59364 -0.116268 0.035951 -0.0606965 -0.988877 0.130945 
286 599 6.50048 -2.82033 -1.02846 0.20966 0.0556781 -0.0786442 -0.944481 0.31412 
286 605 6.4273 -3.67155 1.33224 -0.0607736 0.0223824 -0.11894 -0.989621 -0.0774813 
286 611 4.68148 -3.76409 7.65786 -0.260295 0.053266 -0.0904796 -0.970213 0.218317 
286 617 6.59616 -5.63568 13.5549 -0.505728 0.0553562 -0.0834591 -0.985747 0.135178 
286 623 5.74592 -7.25375 19.9341 -0.629155 0.0580914 -0.0744355 -0.971644 0.216778 
286 629 5.29484 -8.42033 23.9213 -0.78398 0.0434022 -0.0371093 -0.997132 -0.049664 
292 552 5.97256 -16.1582 -24.3907 -0.801507 0.0145973 -0.0090921 -0.943567 -0.330735 
292 558 6.41585 -12.9313 -19.2172 -0.410404 0.030445 0.0122389 -0.968566 -0.246582 
292 564 6.37307 -9.52037 -13.6555 -0.215134 0.0417185 0.00701276 -0.967468 -0.249433 
292 570 7.04589 -6.45115 -7.94488 -0.0898457 0.0209209 0.0255441 -0.95995 -0.278217 
292 576 7.28018 -1.71851 -4.25139 -0.0193337 0.0386538 0.111846 -0.881611 -0.456902 
292 600 4.60749 -4.05215 5.7158 1.91623 0.00733149 -0.059497 -0.942015 0.330174 
292 606 6.38808 -4.30317 8.3093 0.94383 0.0227979 -0.0391701 -0.998479 -0.0313806 
292 612 6.27279 -6.00464 14.5238 0.920314 0.0272056 -0.025731 -0.962917 0.267185 
292 618 5.56096 -8.52849 20.2768 1.17718 0.0315334 -0.0140318 -0.982371 0.18373 
292 624 5.84486 -11.141 26.121 1.57589 0.0426456 -0.0228845 -0.953655 0.296983 
298 548 6.8716 4.50038 -28.9535 5.19788 0.0344984 -0.0982032 -0.994079 -0.0311919 
298 554 6.49142 3.66472 -23.0749 4.10435 0.00759038 -0.0451143 -0.989171 0.139453 
298 560 7.18058 1.85442 -17.0487 3.1863 0.0223559 -0.0832878 -0.985408 0.146749 
298 566 6.31517 0.11863 -10.7883 2.07395 0.0224406 -0.086555 -0.986046 0.140423 
298 572 6.09255 -1.21517 -4.73154 1.27042 0.0227897 -0.0702072 -0.996864 -0.0285308 
298 578 6.58562 -0.302981 0.245419 -0.0239411 0.0224253 0.00799518 -0.999415 -0.0245703 
298 584 5.12776 -1.06889 2.05695 -0.441495 -0.0428583 -0.0580935 -0.944425 0.320701 
298 590 5.48973 -4.30723 3.43279 -0.705894 -0.0146539 -0.099229 -0.745453 0.658968 
298 596 6.00095 -6.65042 4.08968 -0.474085 0.0407045 -0.18388 -0.78444 0.590919 
298 602 5.77805 -10.0797 4.71045 -0.66352 -0.0191279 -0.116594 -0.789451 0.602335 
298 608 6.12283 -13.0861 7.45193 -0.731896 -0.0360406 -0.0822505 -0.887667 0.451644 
298 614 6.85504 -18.9297 9.68489 -1.40912 -0.0157439 -0.105772 -0.818844 0.563967 
298 620 6.52206 -24.7431 12.0802 -1.63488 -0.0190872 -0.0788091 -0.843835 0.53044 
304 544 6.91819 5.57986 -28.537 4.80844 0.0478909 -0.0614458 -0.989744 -0.11974 
304 550 6.33408 6.38281 -22.4252 3.78952 0.0227693 -0.0692418 -0.991326 0.109364 
304 556 7.1182 4.7228 -16.557 2.8262 0.027194 -0.126026 -0.977727 0.165613 
304 562 6.75098 2.77825 -10.4526 1.87444 0.0405093 -0.0884911 -0.983959 0.149512 
304 568 7.21107 0.740306 -4.27706 0.844939 0.0290086 -0.0883192 -0.978013 0.186676 
304 574 6.93814 0.311155 1.36658 -0.135583 0.0311064 -0.0446649 -0.995177 -0.0816067 
304 580 6.14401 0.538903 5.09461 -0.965053 0.0143977 -0.0491182 -0.985051 0.164484 
304 586 6.29352 -0.860909 6.94033 -1.38134 0.0158971 -0.113766 -0.885913 0.449402 
304 592 5.79867 -4.96304 7.81379 -1.5185 -0.0138518 -0.0860564 -0.754292 0.650727 
304 598 6.58656 -7.36824 8.43733 -1.61706 -0.0519352 -0.0575334 -0.718426 0.691272 
304 604 6.82032 -9.71337 8.71656 -1.68462 0.0317926 -0.208497 -0.851239 0.480531 
304 616 5.39807 -20.3602 13.8817 -2.59466 0.0281597 -0.13623 -0.792696 0.593533 
310 538 6.77044 -9.77644 -27.3669 1.41277 0.0183756 -0.00686836 -0.942005 -0.335024 
310 544 7.53419 -5.87258 -22.2077 1.30564 0.0163734 -0.0200092 -0.941455 -0.336146 
310 550 6.76 -2.51958 -16.9972 0.897928 0.00369797 -0.0199369 -0.993438 -0.112558 
310 556 6.48631 -1.49284 -10.8792 0.548895 -0.00341013 -0.0762401 -0.995622 -0.0539734 
310 562 7.14509 -0.620806 -4.49648 0.241711 0.0163777 -0.0411334 -0.996358 -0.0728738 
310 568 6.77941 0.1914 2.0309 -0.0512567 0.00741433 -0.0415929 -0.998546 -0.0334879 
310 574 6.78543 2.06117 7.63145 -0.449623 0.00142131 -0.00103246 -0.955022 -0.296531 
310 580 6.29981 4.03879 10.7185 -0.958352 0.000217727 0.00322618 -0.998368 -0.0570179 
310 586 5.74625 3.5831 13.038 -1.06777 0.00426306 -0.0598659 -0.9682 0.24287 
310 592 5.31783 0.227194 15.5583 -1.08737 -0.0116707 -0.0346527 -0.882319 0.469229 
310 598 6.1063 -1.6326 17.1868 -0.950919 -0.0349265 -0.00381595 -0.854365 0.518485 
310 604 6.5841 -3.63432 18.4642 -0.743494 0.00546942 -0.164266 -0.945431 0.28133 
310 616 6.03932 -11.0139 27.7204 -0.909979 0.0216284 -0.0955636 -0.909678 0.403592 
316 532 7.3296 -10.0508 -27.5979 0.90427 0.00893666 -0.0252497 -0.954093 -0.298312 
316 538 6.6085 -6.55435 -22.1472 0.754554 0.019705 0.00367665 -0.959917 -0.279566 
316 544 7.15329 -3.24609 -16.5639 0.801784 0.0212391 -0.0123253 -0.959498 -0.280642 
316 550 6.35549 -0.539706 -10.9451 0.417877 0.00718506 -0.011457 -0.998458 -0.0538333 
316 556 7.13828 -0.226809 -4.78824 0.146014 0.00589232 -0.0675612 -0.99769 0.00401839 
316 562 6.7479 -0.106249 1.69164 -0.00402625 0.0247666 -0.0333913 -0.999038 -0.0139203 
316 568 7.15459 -0.0571493 8.2642 -0.246336 0.0153865 -0.0307137 -0.99911 0.0244935 
316 574 6.91416 1.29677 13.912 -0.579323 0.00576791 0.00951198 -0.970252 -0.241842 
316 580 6.05151 2.75389 17.3647 -0.964413 0.0054301 0.00970747 -0.999937 0.0017393 
316 586 6.22551 2.04025 19.5704 -1.10152 0.0152777 -0.0571688 -0.952536 0.298619 
316 592 5.59995 -1.72736 21.6921 -1.12835 -0.0138984 -0.0260598 -0.853458 0.520324 
316 598 6.4636 -3.65416 23.1148 -0.894247 -0.0256551 0.00187726 -0.822613 0.568019 
316 604 6.66499 -5.80988 24.1331 -0.890108 0.0157562 -0.153888 -0.929067 0.336012 
322 527 7.73645 -12.761 -26.1139 1.23456 0.0185565 -0.0558062 -0.96 -0.273753 
322 533 7.57708 -8.90364 -20.6743 1.16562 0.0171131 -0.0435199 -0.959113 -0.279133 
322 539 7.14565 -5.63656 -15.1948 0.83773 0.0191568 -0.0531551 -0.964446 -0.258169 
322 545 7.70334 -2.3487 -9.46617 0.689349 0.0179477 -0.0344531 -0.96001 -0.277256 
322 551 6.68567 -0.377376 -3.69542 0.225019 0.0125371 -0.0286026 -0.999373 -0.0166852 
322 557 6.68393 -0.188446 2.53793 -0.094298 0.0196267 -0.0464934 -0.99864 -0.0130765 
322 563 7.04569 -0.265869 8.97855 -0.586952 0.0235255 -0.0437233 -0.998727 0.00891088 
322 569 6.36251 -0.504004 15.4983 -0.907486 0.0105639 -0.0298808 -0.998954 0.0329574 
322 575 5.9697 1.25755 21.0012 -1.38461 0.00584924 -0.0215853 -0.977297 -0.210689 
322 581 6.54262 2.16391 23.9351 -1.83224 -0.00668948 0.00757043 -0.994947 0.0998956 
322 587 5.29053 1.09738 26.0995 -2.09971 0.0194832 -0.106349 -0.916157 0.385963 
322 593 5.45389 -2.31499 27.8897 -2.04027 -0.00525248 -0.0595841 -0.888562 0.454841 
322 599 6.20007 -4.58719 29.3084 -1.68403 0.015793 -0.0588971 -0.787026 0.613898 
328 521 7.48171 -8.71799 -28.0343 2.01416 0.0117733 -0.0626315 -0.987777 -0.142249 
328 527 7.5135 -6.66486 -21.9241 1.54941 0.0127045 -0.0628267 -0.985137 -0.159362 
328 533 7.36468 -4.18605 -15.7891 1.28795 0.0116085 -0.0490181 -0.985008 -0.164991 
328 539 6.77397 -2.28592 -9.66307 0.777261 0.0120317 -0.0592975 -0.987857 -0.143102 
328 545 7.32277 -0.406988 -3.39181 0.590125 0.0111975 -0.0449129 -0.985476 -0.163386 
328 551 6.4107 0.143176 2.74566 -0.135068 0.000531474 -0.0357572 -0.994252 0.100914 
328 557 6.79826 -1.11618 8.74903 -0.485236 0.00888061 -0.0560119 -0.992964 0.103949 
328 563 6.55701 -2.69693 15.1232 -1.05305 0.0164344 -0.0469116 -0.990632 0.127191 
328 569 6.61913 -4.44297 21.3115 -1.52644 -0.00270559 -0.0351004 -0.988207 0.14902 
328 575 5.7046 -3.95876 26.9654 -2.07022 -0.00566126 -0.0315548 -0.994834 -0.0963151 
334 515 7.08383 -0.320784 -29.6958 2.65225 0.0156876 -0.0589258 -0.997736 -0.0283775 
334 521 8.13345 -0.317248 -23.1112 2.16928 0.0160212 -0.075816 -0.996943 0.00996298 
334 527 7.93881 -0.215848 -16.8223 1.58139 0.0164486 -0.0773047 -0.996846 -0.00715449 
334 533 7.59069 0.308137 -10.1964 1.13769 0.0128232 -0.0670164 -0.997586 -0.0128974 
334 539 7.15122 0.288992 -3.83768 0.43387 0.0163217 -0.074204 -0.997069 0.00896414 
334 545 7.70284 0.166542 2.74893 -0.0834428 0.0105629 -0.0569705 -0.998259 -0.011079 
334 551 6.56183 -1.11433 8.67948 -0.845784 -0.0029634 -0.0473883 -0.967021 0.250232 
334 557 6.51058 -4.14725 14.1256 -1.34181 0.0101019 -0.0605854 -0.965228 0.254092 
334 563 6.71251 -7.53996 19.5448 -2.08374 0.0100521 -0.0596567 -0.95948 0.275206 
334 569 5.97432 -11.075 24.9631 -2.68191 -0.0082372 -0.050096 -0.953487 0.297128 
340 509 6.50875 2.10942 -29.2842 0.608769 0.0556951 -0.0294426 -0.998006 -0.00379887 
340 515 6.99583 2.19349 -23.4234 0.191441 0.0239995 -0.00962541 -0.99948 0.0192841 
340 521 7.55928 1.56043 -16.9421 0.283833 0.027298 -0.0323171 -0.997451 0.0574544 
340 527 7.62601 1.05199 -10.5432 0.149168 0.0271823 -0.032553 -0.998288 0.0402886 
340 533 7.35162 0.925529 -3.87432 0.261281 0.0231132 -0.0160085 -0.999 0.0347705 
340 539 6.78646 0.277187 2.51039 0.105538 0.0266311 -0.028011 -0.997647 0.0566188 
340 545 7.2961 -0.452731 9.02896 0.289256 0.02251 -0.0134185 -0.998993 0.0364098 
340 551 6.31485 -2.35417 14.9101 -0.12716 0.0165718 -0.00803563 -0.95461 0.297287 
340 557 6.72129 -5.84599 19.907 -0.20793 0.0287281 -0.0310549 -0.953148 0.299532 
340 563 6.26657 -9.77598 25.1855 -0.470746 0.0350928 -0.016988 -0.946273 0.321009 
346 503 6.23184 0.602404 -29.425 1.4876 0.00932039 -0.0546983 -0.998451 -0.00404831 
346 509 6.78523 0.607479 -22.8503 1.90436 0.0305399 -0.0537086 -0.997725 -0.026987 
346 515 7.23275 1.0233 -16.9351 0.780177 0.0121207 -0.0397809 -0.999114 -0.00641277 
346 521 8.13882 0.734717 -10.3691 0.558675 0.0138834 -0.0569503 -0.99777 0.031925 
346 527 8.022 0.553754 -4.00365 0.202505 0.0139386 -0.0573969 -0.998143 0.0149221 
346 533 7.56338 0.780234 2.62627 0.0110516 0.00956057 -0.0472188 -0.998797 0.00909175 
346 539 7.07865 0.474219 9.00377 -0.435211 0.0134933 -0.0540196 -0.997969 0.0309423 
346 545 7.6769 0.0625804 15.5972 -0.691755 0.00753806 -0.0366739 -0.999239 0.0109677 
346 551 6.10253 -1.49328 21.4854 -1.22534 -0.00215606 -0.0269079 -0.962025 0.271625 
346 557 5.64588 -4.77168 26.7869 -1.34622 0.00847863 -0.0392536 -0.96065 0.274842 
352 497 6.16255 0.21468 -30.3006 1.65268 0.013492 -0.0473534 -0.998511 0.0234867 
352 503 6.44585 0.379934 -22.9582 1.22618 0.0140033 -0.0510518 -0.998594 -0.002924 
352 509 7.16872 0.232531 -16.645 0.891724 0.0250238 -0.0535403 -0.997892 -0.0268209 
352 515 7.08804 0.776558 -10.5108 0.720585 0.0181602 -0.0353818 -0.999195 -0.00522586 
352 521 7.54933 0.472575 -3.98164 0.526527 0.0205998 -0.0556682 -0.997683 0.0332382 
352 527 7.64284 0.281003 2.45171 0.0853426 0.0205624 -0.0563435 -0.99807 0.0160716 
352 533 7.32949 0.493499 9.0959 -0.148344 0.0178136 -0.0389809 -0.999028 0.0103323 
352 539 6.68595 0.160367 15.5102 -0.599286 0.0201476 -0.0494966 -0.998048 0.0323226 
352 545 7.26696 -0.239181 22.0069 -0.782225 0.0171654 -0.039749 -0.99899 0.0120369 
352 551 5.386 -1.83359 27.9996 -1.22731 0.00705941 -0.0273396 -0.961471 0.273451 
358 491 7.56863 0.607692 -29.2948 1.07884 0.0118897 -0.0508695 -0.998017 0.0351196 
358 497 6.81199 0.287438 -22.8251 0.876905 0.00953892 -0.0391921 -0.999047 0.0167051 
358 503 6.32407 0.490234 -16.4453 0.748834 0.0124641 -0.0482305 -0.998751 -0.00373673 
358 509 7.31282 0.337629 -10.06 0.518308 0.0223994 -0.0488748 -0.998156 -0.028177 
358 515 7.3199 0.89663 -3.94767 0.187208 0.0146496 -0.0332854 -0.99932 -0.00607535 
358 521 8.10922 0.602383 2.61841 0.056507 0.016764 -0.0505211 -0.998063 0.0322083 
358 527 7.99409 0.419179 9.00746 -0.216226 0.0169874 -0.0505569 -0.998461 0.0151795 
358 533 7.38968 0.642672 15.6774 -0.211947 0.0134101 -0.0320097 -0.999354 0.00931131 
358 539 6.66533 0.340741 22.0579 -0.495525 0.0184301 -0.0422956 -0.998453 0.0310266 
358 545 7.34315 -0.0774447 28.6227 -0.662539 0.0120465 -0.0295478 -0.999428 0.0111915 
364 485 6.13084 0.957753 -29.4996 1.32237 0.014489 -0.0435951 -0.998614 0.0256726 
364 491 8.04652 0.820374 -22.762 0.775533 0.00962887 -0.0504186 -0.997781 0.0424006 
364 497 7.05838 0.428845 -16.279 0.547197 0.010102 -0.0322958 -0.999144 0.0238095 
364 503 6.46754 0.510743 -9.83918 0.487499 0.00844724 -0.04188 -0.999081 0.00342716 
364 509 7.19068 0.341544 -3.55314 0.27383 0.0193328 -0.0424195 -0.998738 -0.0186665 
364 515 7.12472 0.748473 2.62225 0.195379 0.0126701 -0.0269348 -0.999556 0.00105024 
364 521 7.52693 0.360953 9.15672 0.117818 0.0152818 -0.0463502 -0.998025 0.0395495 
364 527 7.63442 0.0873906 15.5922 -0.200026 0.0154116 -0.0469981 -0.998525 0.0223846 
364 533 7.173 0.215286 22.2131 -0.291185 0.0124436 -0.0312145 -0.999298 0.0165357 
364 539 6.41136 -0.201376 28.6247 -0.649505 0.0148134 -0.0415698 -0.998284 0.0385026 
370 479 7.45344 -1.94567 -29.1675 0.278025 0.0287727 -0.0221255 -0.998698 -0.0358553 
370 485 6.38236 -1.48192 -22.8557 0.260486 0.0192269 -0.0231308 -0.999362 -0.0192528 
370 491 7.86349 -0.86331 -16.2963 0.14422 0.0123505 -0.0343069 -0.999322 -0.00515325 
370 497 6.88558 -0.667819 -9.79466 0.148147 0.00983058 -0.0230985 -0.999411 -0.023393 
370 503 6.32526 0.0424503 -3.44919 0.22668 0.0120163 -0.0321245 -0.998448 -0.043876 
370 509 7.31031 0.478684 2.92863 0.20596 0.0212193 -0.0305878 -0.997064 -0.0669168 
370 515 7.31835 1.44732 8.98067 0.0942803 0.0151418 -0.0177901 -0.998655 -0.0462873 
370 521 8.03474 1.67643 15.5483 0.168306 0.0169596 -0.0345064 -0.999229 -0.00795855 
370 527 7.88649 2.00207 21.9032 0.110886 0.017026 -0.0349603 -0.998929 -0.0250838 
370 533 7.14387 2.7651 28.579 0.379732 0.0152707 -0.0132236 -0.999315 -0.0310118 
376 476 7.53487 -0.659383 -26.0733 1.20231 0.0264548 -0.0495264 -0.998414 0.00408587 
376 482 7.35946 -0.478209 -19.6275 1.0363 0.0100216 -0.0539762 -0.998081 -0.0286397 
376 488 7.35555 -0.12058 -13.2081 0.664555 -0.000598438 -0.0557487 -0.997365 -0.0464214 
376 494 7.59647 -0.265405 -6.65873 0.390503 0.00863226 -0.0242004 -0.999609 -0.0109958 
376 500 6.47906 0.0770804 -0.160382 0.148169 0.0151519 -0.00155172 -0.999268 -0.035085 
376 506 7.26845 0.446662 6.24018 -0.0337602 0.000488679 -0.0126105 -0.999806 0.0150957 
376 512 6.62584 0.995128 12.4657 -0.254457 0.00372107 -0.0217761 -0.997605 -0.0655385 
376 518 7.66859 1.35379 18.8062 -0.399754 0.00332748 -0.048795 -0.998671 0.0162835 
376 524 7.61811 1.25145 25.171 -0.552579 0.0078845 -0.034 -0.999382 -0.00410791 
382 482 7.16305 0.12339 -13.0257 0.835171 0.0113111 -0.0519767 -0.998529 -0.0104752 
382 488 7.19053 0.239111 -6.67322 0.517585 -2.43496e-05 -0.0557438 -0.998053 -0.0279923 
382 494 7.39491 -0.148072 -0.142044 0.105194 0.00828082 -0.0278887 -0.999548 0.007587 
382 500 6.10469 -0.0780345 6.33519 -0.154283 0.0101634 -0.00791997 -0.999781 -0.0165175 
382 506 7.15161 0.0944476 12.7999 -0.362438 0.000108385 -0.0168809 -0.999315 0.0329229 
382 512 6.57866 0.380333 18.8871 -0.835611 0.00078174 -0.0309327 -0.998409 -0.0471487 
382 518 7.7838 0.51715 25.3363 -1.11061 0.00237559 -0.0596112 -0.997597 0.0352357 
388 488 7.41976 0.22468 -0.201239 0.0534326 0.0087503 -0.0515611 -0.997989 -0.0358037 
388 494 7.60892 -0.0669785 6.34891 -0.173837 0.017248 -0.0201011 -0.999649 -4.99844e-05 
388 500 6.45528 0.141365 12.8555 -0.360705 0.0241852 0.00249249 -0.999415 -0.0240482 
388 506 7.14313 0.442867 19.3418 -0.361327 0.0122461 -0.0102825 -0.999532 0.0260742 
388 512 6.50863 0.780397 25.487 -0.645601 0.0126069 -0.0167748 -0.998288 -0.0545955 
394 494 7.02208 0.785519 12.9663 -0.225843 0.0075887 -0.0316135 -0.998829 -0.0358372 
394 500 5.99811 1.36727 19.327 -0.974678 0.0049915 -0.0101581 -0.998355 -0.0562009 
394 506 7.03531 2.0253 25.6998 -1.29725 -0.00736508 -0.0198789 -0.999757 -0.00597614 
400 500 6.00959 0.543533 26.016 -1.03274 0.0105226 -0.000523627 -0.999445 -0.0316095 
